ID RA Dec SN Vhel Vhel_err CaT_EW CaT_EW_err Mg_EW Mg_EW_err GoodstarProb MembershipProb MembershipProb_em MembershipProb_ep Member
Boo1_0 209.8390417 14.6017222 297.4 -13.1 0.7 6.93 0.03 0.94 0.0 0.999 0.0 0.0 0.0 -1
Boo1_1 209.844125 14.5501944 111.37 140.0 0.7 4.78 0.09 0.27 0.01 1.0 0.0 0.0 0.0 -1
Boo1_2 209.8895833 14.4726667 7.26 117.8 5.9 1.01 0.2 -0.5 0.17 0.999 0.901 0.043 0.032 1
Boo1_3 209.8932083 14.50475 4.42 77.9 5.6 2.05 0.31 -0.43 0.28 0.977 0.143 0.063 0.103 1
Boo1_4 209.8949167 14.5842778 17.03 -226.8 2.4 4.37 0.43 0.19 0.07 1.0 0.0 0.0 0.0 -1
Boo1_5 209.8985833 14.6263889 50.35 -18.1 1.0 6.37 0.17 0.42 0.02 0.98 0.0 0.0 0.0 -1
Boo1_6 209.9066667 14.4465556 9.55 102.7 4.2 1.91 0.54 -0.21 0.13 1.0 0.998 0.001 0.001 1
Boo1_7 209.914 14.444 38.7 101.2 1.1 2.5 0.16 0.07 0.03 1.0 1.0 0.0 0.0 1
Boo1_8 209.9174167 14.4077778 899.33 -49.3 0.7 4.21 0.02 0.97 0.0 0.999 0.0 0.0 0.0 -1
Boo1_9 209.9194167 14.4533333 5.62 90.1 8.4 0.88 0.32 -0.49 0.22 0.995 0.953 0.016 0.013 1
Boo1_10 209.9240833 14.6764444 4.47 104.6 86.3 2.41 0.69 0.18 0.25 0.847 nan nan nan -1
Boo1_11 209.92575 14.4950556 88.63 90.9 0.7 2.17 0.05 0.08 0.01 1.0 1.0 0.0 0.0 1
Boo1_12 209.9297083 14.6816944 11.65 -135.0 3.8 4.62 0.66 0.43 0.09 0.928 0.0 0.0 0.0 -1
Boo1_13 209.931 14.5773056 21.82 100.5 1.7 2.52 0.24 -0.0 0.05 1.0 1.0 0.0 0.0 1
Boo1_14 209.93575 14.6193333 34.12 97.7 1.1 2.4 0.35 0.01 0.03 0.993 1.0 0.0 0.0 1
Boo1_15 209.93625 14.4338333 17.38 -660.1 5.4 2.16 3.92 0.01 0.06 0.882 nan nan nan -1
Boo1_16 209.9372917 14.5416944 25.06 103.9 1.5 3.28 0.36 -0.05 0.05 0.99 0.993 0.006 0.003 1
Boo1_17 209.93775 14.3909167 17.16 102.6 2.8 2.95 0.53 -0.08 0.07 1.0 0.991 0.007 0.004 1
Boo1_18 209.9404583 14.43125 5.47 99.0 7.6 1.78 0.82 0.17 0.22 0.978 0.984 0.006 0.005 1
Boo1_19 209.9405 14.37525 10.2 90.3 4.1 2.68 0.72 -0.3 0.12 1.0 0.929 0.035 0.025 1
Boo1_20 209.94275 14.5692222 51.66 143.5 0.9 3.24 0.16 0.07 0.02 1.0 0.0 0.0 0.0 -1
Boo1_21 209.9430833 14.4199444 37.95 99.3 1.1 2.05 0.11 -0.05 0.03 1.0 1.0 0.0 0.0 1
Boo1_22 209.9460833 14.48125 10.73 103.7 3.7 2.64 1.05 -0.1 0.11 0.955 0.996 0.002 0.001 1
Boo1_23 209.9482083 14.3929167 992.35 36.1 0.7 7.07 0.01 1.0 0.0 0.982 0.0 0.0 0.0 -1
Boo1_24 209.9505833 14.6129444 19.88 104.4 1.7 2.77 0.51 0.06 0.06 1.0 0.999 0.001 0.0 1
Boo1_25 209.9514167 14.5343056 51.12 106.7 0.9 2.87 0.08 0.04 0.02 0.993 1.0 0.0 0.0 1
Boo1_26 209.95225 14.7012222 25.92 111.5 1.3 2.93 0.21 0.0 0.04 1.0 1.0 0.0 0.0 1
Boo1_27 209.954 14.4079167 19.13 -33.3 2.1 5.07 0.39 0.66 0.05 1.0 0.0 0.0 0.0 -1
Boo1_28 209.958875 14.329 28.22 102.6 1.8 3.07 0.31 0.09 0.04 1.0 0.999 0.002 0.0 1
Boo1_29 209.9614583 14.5206111 7.98 94.8 4.5 2.17 0.22 -0.2 0.15 1.0 0.999 0.001 0.001 1
Boo1_30 209.962125 14.50075 1061.19 100.3 0.7 4.4 0.01 0.24 0.0 0.982 1.0 0.0 0.0 1
Boo1_31 209.9628333 14.5138333 5.36 104.8 5.4 2.08 0.94 -0.36 0.23 0.999 0.993 0.002 0.002 1
Boo1_32 209.963875 14.6516111 30.46 113.7 2.2 5.11 0.35 -0.0 0.04 1.0 0.998 0.003 0.001 1
Boo1_33 209.9654583 14.5953611 108.54 100.1 0.7 3.04 0.06 0.1 0.01 0.999 1.0 0.0 0.0 1
Boo1_34 209.9661667 14.50525 12.6 34.2 2.8 3.54 0.93 0.13 0.09 1.0 0.0 0.0 0.0 -1
Boo1_35 209.967125 14.6775833 15.14 92.0 2.4 1.94 0.21 -0.08 0.08 0.959 0.994 0.007 0.003 1
Boo1_36 209.9680417 14.546 19.13 99.9 2.0 3.4 0.34 -0.04 0.06 1.0 0.997 0.003 0.001 1
Boo1_37 209.970875 14.3755833 4.27 102.3 7.5 2.91 0.52 -0.28 0.29 0.897 0.983 0.006 0.005 1
Boo1_38 209.9713333 14.4595278 22.54 104.8 1.5 1.97 0.22 0.01 0.05 1.0 1.0 0.0 0.0 1
Boo1_39 209.9739583 14.5155278 27.14 124.7 1.7 5.5 0.31 0.37 0.04 1.0 0.0 0.0 0.0 -1
Boo1_40 209.9747083 14.4976667 3.4 -236.3 10.2 3.87 1.0 0.48 0.35 0.995 nan nan nan -1
Boo1_41 209.9767083 14.7122778 14.77 -65.8 3.8 3.68 0.44 0.26 0.08 1.0 0.0 0.0 0.0 -1
Boo1_42 209.9787083 14.6209167 26.58 115.1 2.8 5.49 0.12 -0.05 0.04 0.961 0.847 0.138 0.08 1
Boo1_43 209.9805417 14.5813333 74.82 100.0 0.8 2.99 0.09 0.02 0.02 1.0 1.0 0.0 0.0 1
Boo1_44 209.98325 14.5737778 73.63 114.7 0.8 5.48 0.11 0.26 0.02 1.0 0.0 0.0 0.0 1
Boo1_45 209.9850833 14.5991389 1399.84 -36.9 0.7 4.29 0.01 1.02 0.0 0.956 0.0 0.0 0.0 -1
Boo1_46 209.9851667 14.3493056 84.55 -72.4 0.8 5.28 0.09 0.49 0.01 0.999 0.0 0.0 0.0 -1
Boo1_47 209.9862917 14.4211944 78.8 13.5 0.8 6.57 0.11 0.85 0.01 1.0 0.0 0.0 0.0 -1
Boo1_48 209.9910417 14.4673611 36.58 100.9 1.2 2.4 0.26 0.11 0.03 0.99 1.0 0.0 0.0 1
Boo1_49 209.994625 14.6778333 3.06 113.4 9.2 1.98 0.5 -0.44 0.38 0.995 nan nan nan -1
Boo1_50 209.99875 14.6091944 6.05 -777.8 27.2 6.82 0.25 0.27 0.17 0.595 nan nan nan -1
Boo1_51 210.001 14.5430278 30.53 109.4 1.4 3.65 0.29 0.06 0.04 1.0 0.994 0.013 0.004 1
Boo1_52 210.003125 14.5913889 19.96 119.6 4.2 6.13 0.14 -0.17 0.05 1.0 0.996 0.005 0.002 1
Boo1_53 210.004125 14.5240833 7.98 107.6 4.2 1.84 0.19 -0.07 0.15 0.986 1.0 0.0 0.0 1
Boo1_54 210.0059167 14.5733611 28.24 -27.6 1.5 2.91 0.43 0.2 0.04 0.993 0.0 0.0 0.0 -1
Boo1_55 210.006375 14.3650556 62.06 103.8 0.8 2.48 0.11 0.04 0.02 1.0 1.0 0.0 0.0 1
Boo1_56 210.0069167 14.4152222 123.98 93.8 0.7 5.61 0.07 0.53 0.01 0.959 0.0 0.0 0.0 -1
Boo1_57 210.0092917 14.6872778 18.75 80.4 2.2 4.87 0.37 0.13 0.06 0.999 0.0 0.0 0.0 -1
Boo1_58 210.0095417 14.4481667 6.65 108.7 5.2 2.01 0.28 -0.06 0.17 0.999 0.993 0.003 0.002 1
Boo1_59 210.0101667 14.3803056 15.69 104.0 2.5 2.57 0.68 0.16 0.07 1.0 0.85 0.149 0.07 -1
Boo1_60 210.0127917 14.5065556 12.52 104.8 2.7 2.99 0.59 -0.29 0.1 0.988 0.996 0.002 0.001 1
Boo1_61 210.0138333 14.4809444 25.95 107.3 1.4 2.49 0.63 0.05 0.04 1.0 0.999 0.001 0.0 1
Boo1_62 210.0145 14.6645 6.19 105.6 5.1 1.56 0.84 -0.73 0.19 1.0 0.985 0.006 0.004 1
Boo1_63 210.0215417 14.5743889 20.44 104.8 1.8 1.54 0.35 -0.17 0.05 1.0 1.0 0.0 0.0 1
Boo1_64 210.0222083 14.5064722 19.01 100.6 1.8 2.56 0.39 0.05 0.06 1.0 1.0 0.0 0.0 1
Boo1_65 210.023375 14.4385556 36.57 105.9 1.0 2.07 0.13 0.01 0.03 1.0 1.0 0.0 0.0 1
Boo1_66 210.036125 14.6150833 22.58 102.8 2.3 2.41 0.26 -0.0 0.05 1.0 1.0 0.0 0.0 1
Boo1_67 210.0429583 14.4407222 5.33 102.1 5.2 2.11 1.17 0.43 0.2 0.968 0.993 0.002 0.002 1
Boo1_68 210.0442083 14.6399444 56.92 101.1 0.9 2.72 0.13 0.08 0.02 1.0 1.0 0.0 0.0 1
Boo1_69 210.0445417 14.4901111 84.95 103.9 0.8 3.02 0.11 0.19 0.01 0.989 1.0 0.0 0.0 1
Boo1_70 210.0480417 14.4322222 11.16 115.8 4.1 1.93 1.53 0.05 0.1 0.987 0.979 0.012 0.008 1
Boo1_71 210.0509583 14.4894444 13.67 99.1 2.5 1.89 0.53 -0.01 0.08 0.995 0.999 0.0 0.0 1
Boo1_72 210.0517083 14.5575833 24.5 -97.6 2.6 26.75 0.08 0.33 0.04 0.996 0.0 0.0 0.0 -1
Boo1_73 210.0538333 14.55325 105.93 101.8 0.7 3.07 0.09 0.13 0.01 1.0 1.0 0.0 0.0 1
Boo1_74 210.0555417 14.4383611 232.01 44.4 0.7 4.95 0.04 0.37 0.0 1.0 0.0 0.0 0.0 -1
Boo1_75 210.061125 14.6585278 11.22 100.9 3.4 2.43 0.69 -0.27 0.1 1.0 0.996 0.002 0.001 1
Boo1_76 210.0639583 14.3841667 327.72 65.7 0.7 5.95 0.03 0.4 0.0 0.999 0.0 0.0 0.0 -1
Boo1_77 210.064875 14.3968056 342.32 -53.2 0.7 6.61 0.03 0.98 0.0 0.999 0.0 0.0 0.0 -1
Boo1_78 210.065875 14.5796667 7.45 118.6 6.4 1.3 0.25 -0.44 0.15 0.995 0.961 0.018 0.013 1
Boo1_79 210.0672917 14.5296944 23.92 -778.7 2.1 5.1 6.56 0.01 0.04 0.993 nan nan nan -1
Boo1_80 210.069125 14.5916667 28.59 100.5 2.4 2.49 0.45 -0.03 0.04 1.0 1.0 0.0 0.0 1
Boo1_81 210.06925 14.4904167 13.99 99.6 2.6 1.91 0.33 0.14 0.08 1.0 1.0 0.0 0.0 1
Boo1_82 210.0857917 14.6261111 5.87 104.4 6.3 2.4 0.63 -0.06 0.19 0.979 0.986 0.005 0.004 1
Boo1_83 210.0875 14.6564444 71.32 -30.5 0.8 7.04 0.11 0.47 0.01 0.969 0.0 0.0 0.0 -1
Boo1_84 210.091 14.4314722 20.44 89.4 2.4 1.68 0.32 -0.01 0.05 1.0 0.997 0.005 0.002 1
Boo1_85 210.092125 14.6439444 31.27 99.2 2.1 2.0 0.41 -0.08 0.03 1.0 1.0 0.0 0.0 1
Boo1_86 210.0935 14.5574722 73.57 98.6 0.8 2.67 0.06 0.07 0.02 1.0 1.0 0.0 0.0 1
Boo1_87 210.0972083 14.4355556 7.43 93.4 4.5 4.3 0.29 0.34 0.14 1.0 0.0 0.0 0.001 -1
Boo1_88 210.0974167 14.5458889 6.84 97.4 6.0 1.45 0.26 -0.07 0.16 1.0 0.987 0.005 0.004 1
Boo1_89 210.1048333 14.5629722 20.88 99.2 1.6 1.92 0.27 -0.07 0.05 1.0 1.0 0.0 0.0 1
Boo1_90 210.10625 14.4881389 19.91 103.0 2.2 2.18 0.22 0.06 0.06 1.0 1.0 0.0 0.0 1
Boo1_91 210.109375 14.5762222 196.61 29.4 0.7 6.18 0.04 0.71 0.01 1.0 0.0 0.0 0.0 -1
Boo1_92 210.1105 14.4888333 10.44 -119.5 4.4 3.86 0.44 0.02 0.1 0.983 0.0 0.0 0.0 -1
Boo1_93 210.11075 14.4968889 21.61 107.4 1.6 2.19 0.39 0.09 0.05 1.0 0.999 0.001 0.0 1
Boo1_94 210.1119583 14.7011667 8.37 -39.2 5.4 3.86 0.51 0.37 0.12 0.999 0.0 0.0 0.0 -1
Boo1_95 210.1126667 14.64175 23.31 107.6 3.1 6.04 0.18 -0.18 0.04 0.994 1.0 0.0 0.0 1
Boo1_96 210.1136667 14.53875 42.37 106.5 1.0 2.57 0.44 -0.0 0.03 1.0 1.0 0.0 0.0 1
Boo1_97 210.11725 14.5532778 3.32 -53.0 7.9 2.22 0.47 0.46 0.3 0.788 nan nan nan -1
Boo1_98 210.1183333 14.3979444 11.68 100.0 3.5 1.54 0.35 0.06 0.09 0.984 0.98 0.008 0.006 1
Boo1_99 210.1197083 14.5285278 9.66 3.3 3.6 3.91 0.86 0.04 0.11 1.0 0.0 0.0 0.0 -1
Boo1_100 210.1205833 14.4172778 9.42 101.3 6.0 1.45 0.21 0.23 0.11 0.994 0.999 0.001 0.001 1
Boo1_101 210.120625 14.6426944 5.07 96.3 8.7 1.69 0.72 -0.37 0.22 0.987 0.963 0.013 0.01 -1
Boo1_102 210.1305417 14.6218333 8.01 -50.6 5.5 2.1 0.63 0.38 0.13 1.0 0.0 0.0 0.0 -1
Boo1_103 210.1324167 14.3376389 71.2 6.2 0.8 5.58 0.12 0.53 0.01 0.96 0.0 0.0 0.0 -1
Boo1_104 210.1329583 14.6856389 4.1 130.8 11.4 5.4 0.83 0.22 0.27 0.978 nan nan nan -1
Boo1_105 210.1339167 14.6076667 7.65 166.5 4.3 1.76 0.54 -0.48 0.15 1.0 0.0 0.0 0.0 -1
Boo1_106 210.134875 14.4599722 6.36 98.1 11.2 1.6 0.58 -0.33 0.19 0.982 nan nan nan 1
Boo1_107 210.135625 14.4001667 150.41 -60.0 0.7 4.12 0.09 0.77 0.01 1.0 0.0 0.0 0.0 -1
Boo1_108 210.1377917 14.4999167 80.31 97.6 0.8 1.95 0.06 0.0 0.01 0.993 1.0 0.0 0.0 1
Boo1_109 210.140625 14.4206389 261.81 -40.3 0.7 6.47 0.03 0.86 0.0 0.987 0.0 0.0 0.0 -1
Boo1_110 210.149875 14.4818333 15.04 -120.1 3.4 3.57 0.36 -0.16 0.07 1.0 0.0 0.0 0.0 -1
Boo1_111 210.1557917 14.4827778 1369.89 106.9 0.7 4.44 0.0 0.24 0.0 0.999 1.0 0.0 0.0 1
Boo1_112 210.1648333 14.4743889 20.27 106.4 3.8 5.11 0.2 -0.09 0.05 0.989 1.0 0.0 0.0 1
Boo1_113 210.1704167 14.5355833 7.22 111.4 5.7 0.95 0.22 -0.26 0.15 0.999 0.997 0.003 0.002 1
Boo1_114 210.198125 14.4033333 16.6 114.0 2.2 1.89 0.5 0.03 0.06 1.0 0.999 0.002 0.001 1
Boo1_115 210.1982083 14.4417222 13.37 98.2 2.3 1.82 0.31 0.07 0.08 1.0 0.997 0.003 0.002 1
Boo1_116 210.221625 14.4515 1427.84 41.2 0.7 7.12 0.0 0.95 0.0 0.956 0.0 0.0 0.0 -1
Boo1_117 210.2413333 14.4816667 9.0 98.5 4.3 2.67 0.38 0.19 0.13 1.0 0.908 0.032 0.025 1
Leo4_1117 173.1198333 -0.6115556 11.82 -21.0 2.7 3.8 0.41 -0.09 0.1 0.999 0.0 0.0 0.0 -1
Leo4_1109 173.1437917 -0.6300833 44.74 69.2 1.0 7.16 0.21 0.78 0.02 0.999 0.0 0.0 0.0 -1
Leo4_1118 173.1530833 -0.6501944 14.08 241.5 4.1 3.76 0.51 0.28 0.07 0.999 0.0 0.0 0.0 -1
Leo4_1021 173.1663333 -0.5974444 12.45 -746.6 11.8 0.08 0.19 -0.09 0.08 0.873 nan nan nan -1
Leo4_1072 173.1683333 -0.4971389 15.58 5.9 2.3 5.95 0.54 0.29 0.07 0.999 0.0 0.0 0.0 -1
Leo4_1150 173.1768333 -0.6899722 19.94 126.2 1.9 4.94 0.34 0.17 0.06 0.986 0.0 0.0 0.0 -1
Leo4_1070 173.176875 -0.4939444 6.57 195.6 5.6 4.75 0.58 0.33 0.16 0.998 0.0 0.0 0.0 -1
Leo4_1141 173.18375 -0.6851389 130.97 30.5 0.7 6.57 0.07 0.9 0.01 0.999 0.0 0.0 0.0 -1
Leo4_1075 173.1869583 -0.4724444 7.75 89.9 6.3 4.16 0.4 0.59 0.14 0.998 0.0 0.0 0.0 -1
Leo4_1076 173.195125 -0.6132778 12.66 185.2 3.6 5.65 0.34 0.4 0.08 0.999 0.0 0.0 0.0 -1
Leo4_1095 173.1974167 -0.6510278 3.49 -11.4 9.8 6.53 0.96 0.4 0.3 0.996 nan nan nan -1
Leo4_1051 173.1975833 -0.5375278 14.59 132.2 2.2 2.31 0.53 0.11 0.08 0.999 1.0 0.0 0.0 1
Leo4_1053 173.1976667 -0.5573889 6.67 333.7 5.3 3.57 0.5 0.18 0.16 0.998 0.0 0.0 0.0 -1
Leo4_1061 173.1986667 -0.5768056 5.84 145.4 7.9 5.51 0.63 0.09 0.2 0.997 0.748 0.106 0.079 -1
Leo4_1088 173.1988333 -0.4466389 8.28 281.7 4.4 2.05 0.23 0.46 0.12 0.999 0.0 0.0 0.0 -1
Leo4_1087 173.208875 -0.4446389 16.65 128.0 2.6 3.42 0.53 0.22 0.07 0.999 0.714 0.125 0.094 -1
Leo4_1057 173.210375 -0.4978333 6.7 127.8 4.9 1.4 0.19 0.38 0.16 0.998 0.939 0.032 0.021 1
Leo4_1045 173.2110833 -0.5189722 14.84 139.4 2.2 1.91 0.13 0.05 0.07 0.999 0.996 0.026 0.003 1
Leo4_1024 173.2152083 -0.4178889 5.89 185.8 5.0 31.67 0.16 -0.13 0.19 0.778 0.0 0.0 0.0 -1
Leo4_1083 173.2155417 -0.4491111 16.03 -695.1 22.2 1.99 1.32 -0.23 0.07 0.544 nan nan nan -1
Leo4_1080 173.2158333 -0.6271944 9.99 139.9 3.7 1.98 1.33 -0.19 0.11 0.999 0.724 0.177 0.114 1
Leo4_1058 173.215875 -0.5833889 8.12 187.4 8.9 1.06 0.22 0.18 0.13 0.994 0.0 0.0 0.0 -1
Leo4_1179 173.2174583 -0.7281389 5.52 -125.8 10.2 4.05 0.83 0.64 0.18 0.993 nan nan nan -1
Leo4_1039 173.21775 -0.5382222 10.86 134.2 2.9 3.65 1.27 -0.02 0.1 0.999 0.986 0.009 0.005 1
Leo4_1153 173.21875 -0.3757222 23.64 -36.0 1.6 6.14 0.4 0.57 0.04 0.999 0.0 0.0 0.0 -1
Leo4_1049 173.2213333 -0.5063889 10.88 229.5 3.9 3.36 0.63 0.31 0.1 0.999 0.0 0.0 0.0 -1
Leo4_1043 173.2230417 -0.56425 5.83 128.7 6.3 3.08 0.61 -0.08 0.19 0.994 0.982 0.01 0.006 1
Leo4_1036 173.2232917 -0.5489722 6.52 131.4 6.4 1.49 0.28 0.33 0.16 0.997 0.988 0.006 0.004 1
Leo4_1074 173.2242917 -0.4567778 6.94 -100.9 12.0 0.66 0.19 -0.22 0.16 0.925 nan nan nan -1
Leo4_1011 173.225 -0.544 4.99 8.0 16.3 5.85 0.71 0.3 0.21 0.946 nan nan nan -1
Leo4_1037 173.2269167 -0.5530833 15.04 136.3 2.6 2.41 0.71 0.1 0.07 0.999 1.0 0.001 0.0 1
Leo4_1012 173.2314583 -0.5176111 2.77 257.6 4.7 17.54 13.02 nan nan 0.993 nan nan nan -1
Leo4_1041 173.2325833 -0.55825 6.88 132.3 8.6 5.28 0.49 -0.26 0.16 0.934 0.986 0.007 0.005 1
Leo4_1046 173.2372917 -0.5722222 14.52 129.1 2.3 1.78 0.4 -0.16 0.08 0.999 1.0 0.001 0.0 1
Leo4_1056 173.2375 -0.5838611 5.72 125.0 7.5 1.62 0.29 0.32 0.19 0.997 0.954 0.025 0.016 1
Leo4_1042 173.2411667 -0.5593056 13.01 178.3 2.8 5.26 0.57 0.42 0.08 0.999 0.0 0.0 0.0 -1
Leo4_1048 173.243 -0.5036389 24.12 131.8 1.8 5.68 0.32 0.06 0.04 0.999 1.0 1.0 0.0 1
Leo4_1009 173.244375 -0.4624722 5.52 -8.4 9.7 4.1 0.65 0.47 0.2 0.995 0.0 0.0 0.0 -1
Leo4_1052 173.2445833 -0.5805556 43.36 131.2 1.0 2.64 0.22 0.05 0.03 0.999 1.0 0.0 0.0 1
Leo4_1044 173.246625 -0.5678056 6.27 53.1 28.4 4.35 0.66 0.09 0.17 0.895 nan nan nan -1
Leo4_1016 173.247125 -0.5755833 4.05 -3.2 9.7 5.18 0.98 0.11 0.26 0.996 0.0 0.0 0.0 -1
Leo4_1047 173.247125 -0.5056111 27.02 61.9 1.4 4.0 0.21 0.33 0.04 0.999 0.0 0.0 0.0 -1
Leo4_1167 173.2474583 -0.7123333 72.91 17.8 0.8 6.15 0.11 0.73 0.01 0.99 0.0 0.0 0.0 -1
Leo4_1067 173.2484583 -0.4708056 11.22 204.9 3.2 3.83 0.65 0.64 0.09 0.999 0.0 0.0 0.0 -1
Leo4_1031 173.250875 -0.7389722 3.77 -6.8 11.3 6.58 0.96 1.22 0.25 0.947 nan nan nan -1
Leo4_1060 173.2514583 -0.4899167 5.97 83.3 6.5 4.05 0.59 0.26 0.18 0.981 0.0 0.0 0.0 -1
Leo4_1014 173.2549583 -0.5162778 4.68 -7.8 13.7 2.89 0.82 -0.02 0.21 0.974 nan nan nan -1
Leo4_1040 173.2558333 -0.5341944 10.23 130.8 3.2 2.85 0.49 0.2 0.1 0.999 0.997 0.002 0.001 1
Leo4_1027 173.2559167 -0.7207222 4.33 -20.4 6.8 5.2 0.9 nan nan 0.922 0.0 0.0 0.0 -1
Leo4_1078 173.2561667 -0.4544444 20.92 -794.1 13.4 10.18 1.05 0.03 0.05 0.631 nan nan nan -1
Leo4_1017 173.25725 -0.4996944 4.12 -2.2 7.1 4.92 0.81 0.25 0.26 0.997 0.0 0.0 0.0 -1
Leo4_1013 173.2582083 -0.5579722 4.3 -2.4 9.2 3.97 0.95 0.48 0.24 0.996 0.0 0.0 0.0 -1
Leo4_1015 173.2598333 -0.5659722 4.02 -1.4 10.3 5.49 1.06 0.21 0.25 0.996 nan nan nan -1
Leo4_1055 173.2615 -0.5755278 8.92 126.0 4.0 2.07 0.86 -0.23 0.12 0.999 0.991 0.007 0.004 -1
Leo4_1178 173.2639583 -0.7231667 5.2 241.0 8.2 1.83 0.4 0.4 0.19 0.996 0.0 0.0 0.0 -1
Leo4_1184 173.2661667 -0.7304444 8.83 125.5 4.0 1.74 0.2 -0.1 0.13 0.999 0.545 0.336 0.236 -1
Leo4_1136 173.2674167 -0.6896667 17.94 84.8 2.3 4.72 0.45 0.24 0.06 0.961 0.0 0.0 0.0 -1
Leo4_1050 173.2699583 -0.5594444 17.83 132.2 1.8 2.58 0.29 0.22 0.06 0.978 1.0 0.0 0.0 1
Leo4_1063 173.2703333 -0.58925 33.16 354.7 1.3 2.55 0.18 0.21 0.03 0.999 0.0 0.0 0.0 -1
Leo4_1081 173.2802083 -0.61925 7.5 206.4 7.0 2.18 0.45 -0.03 0.14 0.933 0.0 0.0 0.0 -1
Leo4_1065 173.2850417 -0.5847222 9.19 132.0 3.2 2.24 0.61 0.03 0.12 0.999 0.993 0.007 0.004 1
Leo4_1006 173.2895833 -0.5043611 61.45 128.5 0.9 2.74 0.2 0.04 0.02 0.999 1.0 0.0 0.0 1
Leo4_1077 173.2912917 -0.6049444 9.79 128.3 3.9 2.99 1.46 -0.09 0.11 0.999 0.902 0.053 0.035 1
Leo4_1019 173.2924167 -0.5431667 4.66 -8.6 13.2 5.15 0.88 0.3 0.23 0.97 nan nan nan -1
Leo4_1066 173.3025833 -0.5202222 5.12 -21.2 8.5 4.14 0.72 0.61 0.2 0.891 0.0 0.0 0.0 -1
Leo4_1069 173.3079583 -0.56075 12.17 120.0 2.8 3.06 0.51 0.14 0.09 0.999 0.217 0.181 0.423 1
Leo4_1085 173.31025 -0.5975833 10.17 135.3 3.2 3.94 1.41 -0.01 0.11 0.999 0.757 0.122 0.084 1
Leo4_1073 173.3136667 -0.5138056 10.81 254.7 4.2 4.05 1.35 0.69 0.09 0.999 0.0 0.0 0.0 -1
Leo4_1138 173.3149583 -0.6721389 5.33 -30.5 40.1 2.53 0.6 0.02 0.2 0.84 nan nan nan -1
Leo4_1090 173.3165 -0.6120556 50.96 83.1 1.0 5.34 0.16 0.58 0.02 0.999 0.0 0.0 0.0 -1
Leo4_1082 173.3175 -0.583 5.2 85.2 11.5 6.08 0.74 0.25 0.21 0.946 nan nan nan -1
Leo4_1020 173.325125 -0.5531944 4.29 -19.8 8.6 3.71 0.66 0.95 0.23 0.988 0.0 0.0 0.0 -1
Leo4_1022 173.3318333 -0.578 4.44 -18.4 6.9 4.06 0.47 0.85 0.22 0.993 0.0 0.0 0.0 -1
Leo4_1146 173.333375 -0.66875 141.04 93.1 0.7 6.64 0.06 0.84 0.01 0.997 0.0 0.0 0.0 -1
Leo4_1010 173.3354583 -0.5604167 41.39 136.4 1.2 5.45 0.22 0.45 0.03 0.979 0.0 0.0 0.0 -1
Leo4_1181 173.3355417 -0.7022222 4.97 -122.5 46.0 3.83 0.25 0.07 0.2 0.822 nan nan nan -1
Leo4_1100 173.336125 -0.618 18.26 2.0 2.0 4.59 0.55 0.16 0.06 0.999 0.0 0.0 0.0 -1
Leo4_1204 173.3437917 -0.7267222 7.06 121.5 5.2 4.24 0.64 0.34 0.15 0.998 0.012 0.011 0.017 -1
Leo4_1098 173.346375 -0.59525 9.92 271.0 5.0 3.31 0.54 0.07 0.1 0.998 0.0 0.0 0.0 -1
Leo4_1023 173.3464583 -0.5589167 5.0 -36.6 19.6 0.33 0.14 0.38 0.16 0.895 nan nan nan -1
Leo4_1091 173.3467917 -0.5503611 7.74 210.4 4.7 4.76 0.51 0.39 0.13 0.999 0.0 0.0 0.0 -1
Leo4_1092 173.3487083 -0.5294444 5.63 92.3 8.0 6.01 0.85 0.43 0.2 0.997 0.0 0.0 0.0 -1
Leo4_1093 173.3514583 -0.5344722 8.74 -77.6 12.3 0.68 0.22 -0.15 0.12 0.779 nan nan nan -1
Leo4_1034 173.3545417 -0.7158056 4.2 -20.3 9.0 4.18 0.9 0.11 0.24 0.996 0.0 0.0 0.0 -1
Leo4_1097 173.3579167 -0.5353889 30.41 44.7 1.6 4.99 0.23 0.29 0.04 0.999 0.0 0.0 0.0 -1
Leo4_1103 173.3597083 -0.5728333 4.71 -16.4 10.1 2.66 0.4 0.18 0.22 0.995 nan nan nan -1
Leo4_1104 173.3625417 -0.5164444 12.17 117.4 3.8 6.48 0.79 0.32 0.09 0.999 0.0 0.0 0.001 -1
Leo4_1119 173.3743333 -0.5656944 9.66 -6.2 5.6 6.05 0.27 0.49 0.11 0.994 0.0 0.0 0.0 -1
Leo4_1161 173.3805417 -0.63225 4.85 -17.0 8.8 2.68 0.44 0.45 0.21 0.997 0.0 0.0 0.0 -1
Leo4_1033 173.3822083 -0.6907778 3.99 -20.0 12.5 8.54 0.85 0.33 0.26 0.944 nan nan nan -1
Leo4_1029 173.383125 -0.6607222 12.61 -800.4 8.6 11.43 1.58 -0.1 0.09 0.782 nan nan nan -1
Leo4_1134 173.38825 -0.5465833 4.55 -25.1 7.7 2.58 0.42 0.53 0.23 0.997 0.0 0.0 0.0 -1
Leo4_1142 173.3934583 -0.5562778 6.73 107.4 6.6 4.71 0.58 0.1 0.16 0.998 0.001 0.001 0.002 -1
Leo4_1030 173.4017083 -0.6453889 5.57 -7.8 11.0 5.42 0.69 0.07 0.17 0.993 nan nan nan -1
Leo4_1026 173.4063333 -0.6000278 5.07 -53.2 49.0 5.05 0.66 0.28 0.19 0.826 nan nan nan -1
Leo4_1209 173.41025 -0.6798889 7.8 218.7 811.5 0.18 0.14 0.38 0.12 0.838 nan nan nan -1
Leo4_1172 173.4141667 -0.554 40.5 -52.7 1.1 4.68 0.2 0.51 0.03 0.999 0.0 0.0 0.0 -1
Leo4_1185 173.4157083 -0.6173889 14.03 265.1 3.4 4.62 0.23 0.35 0.07 0.999 0.0 0.0 0.0 -1
Leo4_1194 173.4235833 -0.6293056 12.9 -792.6 7.4 0.15 0.04 0.18 0.08 0.676 nan nan nan -1
Leo4_1191 173.4295417 -0.5964167 25.68 75.8 1.5 4.79 0.32 0.27 0.04 0.999 0.0 0.0 0.0 -1
Leo4_1202 173.4408333 -0.5964167 9.39 419.8 3.8 3.73 0.44 0.37 0.11 0.999 0.0 0.0 0.0 -1
Leo4_1210 173.4452917 -0.6227222 12.02 -1.6 2.9 3.5 0.57 0.4 0.09 0.999 0.0 0.0 0.0 -1
Leo4_1214 173.4653333 -0.5557778 26.83 1.4 1.5 5.48 0.27 0.56 0.04 0.999 0.0 0.0 0.0 -1
Leo4_1216 173.4658333 -0.4731944 13.64 43.0 2.9 3.46 1.02 -0.06 0.08 0.993 0.0 0.0 0.0 -1
Leo5_1112 172.6369583 2.2275556 7.75 15.3 5.7 2.82 0.41 0.07 0.14 0.999 0.0 0.0 0.0 -1
Leo5_1135 172.6546667 2.3645556 9.06 90.5 8.6 4.33 0.34 0.73 0.12 0.988 0.0 0.0 0.0 -1
Leo5_1025 172.663125 2.2522778 5.91 -104.3 483.0 0.83 0.24 0.66 0.18 0.86 nan nan nan -1
Leo5_1121 172.6644583 2.3311111 6.8 365.9 6.3 4.87 0.5 0.45 0.16 0.999 0.0 0.0 0.0 -1
Leo5_1029 172.6649167 2.4057778 12.73 231.1 3.7 0.69 0.36 -0.08 0.09 1.0 0.0 0.0 0.0 -1
Leo5_1024 172.666875 2.2138889 14.02 239.7 3.5 0.25 0.41 0.23 0.07 0.892 0.0 0.0 0.0 -1
Leo5_1163 172.6740833 2.42525 14.27 47.4 3.0 2.18 0.5 0.11 0.08 1.0 0.0 0.0 0.0 -1
Leo5_1089 172.6805 2.2418056 9.25 76.6 4.2 3.95 0.49 0.31 0.12 1.0 0.0 0.0 0.0 -1
Leo5_1114 172.7009583 2.3468056 29.78 208.7 1.6 6.36 0.28 0.6 0.04 1.0 0.0 0.0 0.0 -1
Leo5_1170 172.7105417 2.4544722 10.49 -13.5 3.5 5.47 0.4 0.93 0.1 0.998 0.0 0.0 0.0 -1
Leo5_1021 172.7115417 2.1823889 2.12 362.8 12.5 2.62 0.51 -1.28 0.5 0.984 nan nan nan -1
Leo5_1068 172.7144583 2.2337222 77.6 69.4 0.8 6.87 0.11 0.81 0.01 0.999 0.0 0.0 0.0 -1
Leo5_1092 172.7184583 2.1288611 155.31 -11.2 0.7 5.79 0.06 0.67 0.01 0.999 0.0 0.0 0.0 -1
Leo5_1144 172.722875 2.4135556 4.54 -74.8 8.5 5.04 0.83 0.33 0.22 0.987 0.0 0.0 0.0 -1
Leo5_1062 172.7255417 2.1888056 9.89 177.8 4.5 3.07 1.37 -0.03 0.11 0.999 0.592 0.275 0.197 1
Leo5_1069 172.7385833 2.1625556 13.77 177.1 2.7 2.64 0.45 0.04 0.08 0.999 0.719 0.299 0.163 1
Leo5_1051 172.7394167 2.2251389 8.29 200.4 13.4 3.84 0.52 -0.25 0.13 0.945 nan nan nan 1
Leo5_1073 172.742375 2.2831111 7.59 65.2 5.3 4.6 0.59 -0.26 0.16 0.999 0.0 0.0 0.0 -1
Leo5_1013 172.74425 2.2074167 4.1 216.8 14.4 4.64 0.85 0.1 0.25 0.961 nan nan nan -1
Leo5_1048 172.74825 2.1985 4.66 -128.2 9.2 1.07 0.22 0.24 0.21 0.968 0.0 0.0 0.0 -1
Leo5_1028 172.749125 2.4182222 26.97 -778.0 875.5 7.16 0.96 0.02 0.04 0.154 nan nan nan -1
Leo5_1045 172.75 2.2357222 27.55 116.0 1.8 4.77 0.29 0.33 0.04 1.0 0.0 0.0 0.0 -1
Leo5_1052 172.7515 2.25575 9.77 195.8 5.2 2.93 1.46 0.23 0.11 0.999 0.006 0.005 0.039 -1
Leo5_1046 172.7569167 2.1903056 59.39 173.6 0.9 3.89 0.26 0.11 0.02 0.992 0.999 0.005 0.001 1
Leo5_1047 172.7595833 2.18625 6.03 87.3 5.0 3.71 0.76 0.12 0.19 0.954 0.0 0.0 0.0 -1
Leo5_1012 172.7620417 2.2472222 2.08 363.5 26.1 1.61 0.55 -1.59 0.6 0.929 nan nan nan -1
Leo5_1172 172.76225 2.4748611 10.91 -122.0 4.5 2.72 0.68 0.42 0.1 0.951 0.0 0.0 0.0 -1
Leo5_1023 172.7622917 2.3144444 23.33 236.6 15.0 0.09 0.06 0.13 0.04 0.836 nan nan nan -1
Leo5_1102 172.762875 2.34525 56.21 133.7 1.0 6.16 0.15 0.62 0.02 0.99 0.0 0.0 0.0 -1
Leo5_1095 172.7652917 2.3405556 54.62 -13.2 0.9 5.8 0.18 0.54 0.02 1.0 0.0 0.0 0.0 -1
Leo5_1158 172.7672917 2.449 7.62 176.5 4.7 5.17 0.54 0.0 0.15 0.974 0.005 0.004 0.008 -1
Leo5_1041 172.7677083 2.2155 6.21 59.0 6.1 3.63 0.54 -0.29 0.19 0.998 0.0 0.0 0.0 -1
Leo5_1011 172.7691667 2.2218333 6.26 145.8 10.8 6.81 0.45 nan nan 0.977 nan nan nan -1
Leo5_1058 172.7753333 2.2805278 1.18 276.9 8.8 17.65 13.03 0.77 0.8 0.98 nan nan nan -1
Leo5_1043 172.7757083 2.2545556 33.12 170.1 1.3 3.89 0.39 0.07 0.03 0.992 0.97 0.084 0.021 1
Leo5_1010 172.7775833 2.2163611 3.4 206.3 11.3 4.68 0.53 0.33 0.27 0.96 nan nan nan -1
Leo5_1049 172.7776667 2.2665833 8.64 44.7 4.3 4.31 0.5 0.44 0.13 1.0 0.0 0.0 0.0 -1
Leo5_1161 172.77775 2.4531667 6.25 46.0 5.6 6.04 0.6 -0.07 0.19 0.993 0.0 0.0 0.0 -1
Leo5_1036 172.7785 2.2107778 5.85 187.6 6.7 2.65 1.01 0.38 0.19 0.998 0.954 0.077 0.028 1
Leo5_1040 172.7797917 2.2050278 28.93 59.2 1.6 5.51 0.28 0.44 0.04 0.999 0.0 0.0 0.0 -1
Leo5_1032 172.7879583 2.2184444 5.87 173.4 5.3 3.16 0.85 -0.28 0.19 0.998 0.995 0.006 0.003 1
Leo5_1056 172.7891667 2.2813333 13.44 22.5 2.6 6.16 0.44 0.59 0.08 1.0 0.0 0.0 0.0 -1
Leo5_1055 172.789625 2.1646667 164.81 22.0 0.7 6.77 0.06 0.92 0.01 0.999 0.0 0.0 0.0 -1
Leo5_1108 172.7899167 2.3624167 43.23 57.7 1.0 4.95 0.19 0.34 0.03 0.999 0.0 0.0 0.0 -1
Leo5_1033 172.7902917 2.2154444 26.67 242.6 2.9 2.81 0.38 0.05 0.04 0.999 0.0 0.0 0.0 -1
Leo5_1038 172.794125 2.2359722 52.69 179.4 1.0 4.87 0.2 0.3 0.02 1.0 0.998 0.056 0.001 1
Leo5_1111 172.7965417 2.3722778 24.44 33.5 1.6 4.67 0.28 0.27 0.04 0.988 0.0 0.0 0.0 -1
Leo5_1061 172.798625 2.1519167 14.92 272.9 4.8 2.52 0.68 0.25 0.07 0.999 0.0 0.0 0.0 -1
Leo5_1034 172.8002083 2.2165556 49.92 171.8 0.9 2.53 0.13 0.02 0.02 0.999 1.0 0.0 0.0 1
Leo5_1107 172.8016667 2.3613056 0.54 -310.9 621.8 6.41 2.5 -5.83 7.13 0.482 nan nan nan -1
Leo5_1098 172.8035417 2.3432222 0.4 -4.4 191.6 10.53 3.93 nan nan 0.959 nan nan nan -1
Leo5_1074 172.8045833 2.3053333 7.83 169.4 5.0 2.7 0.6 -0.07 0.14 0.998 0.153 0.092 0.15 -1
Leo5_1037 172.805 2.2143333 28.92 172.7 1.6 2.85 0.22 0.15 0.04 0.995 1.0 0.0 0.0 1
Leo5_1082 172.8060417 2.1248333 9.88 213.6 5.1 5.72 0.79 0.94 0.1 0.997 0.0 0.0 0.0 -1
Leo5_1153 172.8087917 2.4434444 12.96 169.7 3.2 6.14 0.6 0.15 0.09 0.999 0.0 0.0 0.001 -1
Leo5_1026 172.8120417 2.4053611 3.13 509.9 93.0 0.79 0.74 -1.04 0.28 0.894 nan nan nan -1
Leo5_1014 172.817625 2.25875 4.56 176.7 13.8 7.67 0.83 0.19 0.21 0.806 nan nan nan 1
Leo5_1042 172.8183333 2.2056389 7.28 -39.5 5.6 6.1 0.59 1.08 0.13 0.958 0.0 0.0 0.0 -1
Leo5_1110 172.819625 2.3650278 5.76 141.6 9.0 4.15 0.48 0.34 0.19 0.995 0.0 0.0 0.0 -1
Leo5_1044 172.826625 2.2006667 7.08 -34.1 5.1 5.02 0.56 0.5 0.14 0.998 0.0 0.0 0.0 -1
Leo5_1050 172.826875 2.1883889 7.08 129.9 5.7 4.21 0.48 0.0 0.16 0.998 0.0 0.0 0.0 -1
Leo5_1031 172.832875 2.49825 4.03 -2.1 9.8 2.95 1.07 -0.04 0.27 0.996 0.0 0.0 0.0 -1
Leo5_1115 172.8339167 2.3686111 64.5 281.9 1.0 4.13 0.23 0.57 0.02 0.999 0.0 0.0 0.0 -1
Leo5_1079 172.834 2.3050556 11.16 102.4 4.2 3.46 1.28 0.25 0.1 0.999 0.0 0.0 0.0 -1
Leo5_1127 172.83575 2.3933889 13.1 230.6 3.0 4.95 0.41 0.48 0.08 0.999 0.0 0.0 0.0 -1
Leo5_1059 172.8367083 2.1759722 9.87 -4.0 3.8 4.06 0.88 0.3 0.11 0.999 0.0 0.0 0.0 -1
Leo5_1015 172.8397917 2.2015833 2.31 483.1 4.3 0.86 11.73 2.68 1.21 0.967 nan nan nan -1
Leo5_1162 172.8402917 2.4495278 10.29 -10.6 3.9 4.13 0.57 0.39 0.1 0.996 0.0 0.0 0.0 -1
Leo5_1147 172.8409583 2.4191389 19.69 224.9 2.3 7.59 0.35 0.7 0.05 0.959 0.0 0.0 0.0 -1
Leo5_1070 172.8416667 2.1625278 5.28 -787.2 119.4 0.59 0.18 0.26 0.2 0.647 nan nan nan -1
Leo5_1016 172.8428333 2.2475 5.8 -671.4 10.2 7.38 0.32 -0.12 0.18 0.93 nan nan nan -1
Leo5_1018 172.8440833 2.2693333 5.4 259.6 7.3 4.91 0.82 0.0 0.18 0.996 0.0 0.0 0.0 -1
Leo5_1054 172.84475 2.2204722 10.15 -717.5 7.6 4.94 1.24 0.18 0.1 0.805 nan nan nan -1
Leo5_1093 172.846625 2.3246667 29.68 29.8 1.3 5.5 0.32 0.45 0.04 0.999 0.0 0.0 0.0 -1
Leo5_1177 172.8490833 2.4882222 5.43 -7.0 6.7 3.59 0.74 0.67 0.19 0.994 0.0 0.0 0.0 -1
Leo5_1057 172.8500833 2.2345278 16.66 -62.9 2.5 3.2 0.35 0.07 0.06 0.999 0.0 0.0 0.0 -1
Leo5_1083 172.8505417 2.2959722 6.57 -27.1 5.7 2.85 0.27 0.48 0.15 0.935 0.0 0.0 0.0 -1
Leo5_1060 172.85375 2.2107778 24.25 43.3 1.5 3.71 0.36 0.21 0.05 0.979 0.0 0.0 0.0 -1
Leo5_1091 172.8547083 2.1240833 5.33 -676.1 12.3 7.96 0.19 0.34 0.18 0.894 nan nan nan -1
Leo5_1017 172.85525 2.233 5.65 215.0 35.5 3.91 0.81 0.12 0.16 0.914 nan nan nan -1
Leo5_1100 172.8561667 2.3268056 12.02 134.5 3.2 1.02 0.27 -0.27 0.09 0.999 0.0 0.0 0.0 -1
Leo5_1072 172.86025 2.1840556 25.4 -104.8 1.8 3.75 0.27 0.21 0.04 0.999 0.0 0.0 0.0 -1
Leo5_1066 172.8621667 2.2415556 13.92 380.6 2.8 5.0 0.86 0.15 0.07 0.969 0.0 0.0 0.0 -1
Leo5_1131 172.8626667 2.4005833 78.11 23.5 0.8 3.43 0.12 0.17 0.01 0.985 0.0 0.0 0.0 -1
Leo5_1086 172.86425 2.1426667 11.74 175.0 3.7 5.07 0.46 -0.0 0.1 0.98 0.136 0.087 0.149 -1
Leo5_1064 172.8645417 2.2231389 8.88 165.2 5.2 3.9 0.28 0.32 0.12 0.998 0.092 0.072 0.152 -1
Leo5_1067 172.8654583 2.2274167 11.28 -707.0 8.0 5.07 6.3 0.57 0.08 0.823 nan nan nan -1
Leo5_1076 172.86725 2.1800833 0.4 296.5 31.0 23.51 13.96 -22.21 8.4 0.941 nan nan nan -1
Leo5_1174 172.87025 2.4668611 41.75 267.8 1.3 5.34 0.15 0.31 0.02 0.985 0.0 0.0 0.0 -1
Leo5_1129 172.8826667 2.3865278 7.64 188.6 7.0 5.49 0.64 -0.15 0.14 0.995 0.0 0.0 0.0 -1
Leo5_1101 172.8845417 2.1358333 14.21 149.4 2.8 3.84 0.76 -0.14 0.08 0.999 0.0 0.0 0.0 -1
Leo5_1109 172.89975 2.3129722 168.12 26.6 0.7 6.45 0.06 0.6 0.01 0.999 0.0 0.0 0.0 -1
Leo5_1136 172.9060417 2.3803889 14.65 86.9 2.7 3.22 0.66 -0.05 0.08 0.999 0.0 0.0 0.0 -1
Leo5_1181 172.9106667 2.4831111 3.84 -88.8 67.4 4.04 1.09 0.88 0.26 0.936 nan nan nan -1
Leo5_1099 172.913125 2.2040556 29.1 3.1 1.5 2.15 0.33 0.12 0.04 0.978 0.0 0.0 0.0 -1
Leo5_1104 172.9172917 2.1833889 5.8 101.6 8.8 3.27 0.78 0.09 0.18 0.996 0.0 0.0 0.0 -1
Leo5_1148 172.9259167 2.3783333 8.4 309.7 4.9 2.56 0.68 -0.01 0.12 0.996 0.0 0.0 0.0 -1
Leo5_1176 172.9330833 2.44875 9.95 -78.4 4.4 3.18 1.44 0.85 0.1 0.999 0.0 0.0 0.0 -1
Leo5_1113 172.9353333 2.2717222 154.26 16.2 0.7 6.85 0.06 0.91 0.01 0.999 0.0 0.0 0.0 -1
Leo5_1124 172.9450833 2.2980278 9.59 149.1 4.2 1.3 0.17 0.02 0.11 0.999 0.0 0.0 0.0 -1
Leo5_1116 172.9475833 2.2601667 5.85 345.7 6.0 4.37 0.7 0.01 0.17 0.998 0.0 0.0 0.0 -1
Leo5_1132 172.9498333 2.3326667 22.06 61.0 2.0 5.13 0.37 0.34 0.05 0.999 0.0 0.0 0.0 -1
Leo5_1126 172.9577917 2.2833056 39.97 -56.3 1.2 7.02 0.2 0.71 0.02 0.99 0.0 0.0 0.0 -1
Leo5_1027 172.9661667 2.3138333 6.14 -370.4 304.4 0.49 0.18 0.01 0.16 0.648 nan nan nan -1
Leo5_1152 172.9802917 2.3268889 9.33 50.9 4.4 2.15 0.24 0.14 0.12 0.997 0.0 0.0 0.0 -1
